[gd_scene load_steps=4 format=3 uid="uid://b080dbgiwx713"]

[ext_resource type="PackedScene" uid="uid://dgldbg1aji5jw" path="res://player/cockpit/cockpit.tscn" id="1_118qv"]
[ext_resource type="Script" path="res://player/player.gd" id="1_ajmch"]

[sub_resource type="SphereShape3D" id="SphereShape3D_gqwoc"]
radius = 2.70471

[node name="Player" type="CharacterBody3D"]
script = ExtResource("1_ajmch")

[node name="Cockpit" parent="." instance=ExtResource("1_118qv")]
transform = Transform3D(0.964651, 0.263157, -0.014032, -0.263183, 0.964746, 0, 0.0135373, 0.00369298, 0.999902, -1.69428, -0.780383, -0.0176015)

[node name="Camera3D" type="Camera3D" parent="."]
transform = Transform3D(0.0140319, 0.0685131, 0.997552, 2.99511e-09, 0.99765, -0.0685198, -0.999902, 0.000961469, 0.013999, 0.00893259, 0.0406647, 0.0108971)

[node name="CollisionShape3D" type="CollisionShape3D" parent="."]
transform = Transform3D(0.964651, 0.263157, -0.014032, -0.263183, 0.964746, 0, 0.0135373, 0.00369298, 0.999902, -0.0326123, -1.23373, 0.00571732)
shape = SubResource("SphereShape3D_gqwoc")

[node name="OmniLight3D" type="OmniLight3D" parent="."]
transform = Transform3D(0.964651, 0.263157, -0.014032, -0.263183, 0.964746, -1.34773e-09, 0.0135373, 0.00369298, 0.999902, -1.69428, -0.780383, -0.0176015)
light_energy = 8.138
omni_range = 2.997
